361
603
532
584
47
346
318
722
472
897
423
128
250
358
554
846
911
964
131
457
675
12
354
765
861
946
267
55
441
915
987
53
538
870
640
892
451
288
952
58
683
495
850
875
499
902
350
382
792
564
289
83
584
393
720
524
192
526
274
195
468
316
79
74
307
762
964
912
146
5
83
167
628
129
485
645
146
62
983
671
36
621
861
362
636
706
14
716
200
755
424
246
259
74
140
577
62
545
814
636
954
538
974
899
556
341
754
637
153
578
413
902
990
583
781
625
33
121
583
614
735
321
695
122
830
996
465
189
885
702
23
818
703
40
919
865
209
834
653
834
902
967
990
804
220
54
909
999
802
435
757
132
251
807
248
368
821
303
554
684
